============================================================
abl 文件布局分析
============================================================
文件总大小: 1048662 (0x100056)
PH[0]: 0x0-0x94 (ELF头, 明文)
PH[1]: 0x1000-0x25000 (代码段, 0x24000=147456字节, 加密)
PH[2]: 0x25000-0x26060 (0x1060=4192字节, 未知)
文件剩余: 0x26060-0x100056 (892918字节, 未知)

============================================================
PH[2] 区域内容 (0x25000-0x26060)
============================================================
  025000: 00 00 00 00 06 00 00 00 00 00 00 00 00 00 00 00  ................
  025010: E8 0E 00 00 90 00 00 00 00 00 00 00 68 00 00 00  ............h...
  025020: 00 00 00 00 20 0D 00 00 00 00 00 00 78 00 00 00  .... .......x...
  025030: 00 00 00 00 00 00 00 00 1C 00 00 00 00 00 00 00  ................
  025040: 60 01 00 00 00 51 00 00 00 00 00 00 02 00 00 00  `....Q..........
  025050: 05 90 00 00 00 00 00 00 00 00 00 00 00 00 00 00  ................
  025060: 00 00 00 00 00 00 00 00 00 00 00 00 00 00 00 00  ................
  025070: 00 00 00 00 00 00 00 00 00 00 00 00 00 00 00 00  ................
  025080: 00 00 00 00 00 00 00 00 00 00 00 00 00 00 00 00  ................
  025090: 00 00 00 00 00 00 00 00 00 00 00 00 00 00 00 00  ................
  0250A0: 00 00 00 00 00 00 00 00 BC B2 5E 0C D9 7D DB BD  ..........^..}..
  0250B0: 7E BD 4F B4 B9 A7 CC 10 5A AC 4E A1 1B 50 38 99  ~.O.....Z.N..P8.
  0250C0: 47 3B 91 CF DB 53 77 FF 96 B3 33 B3 B2 89 69 DE  G;...Sw...3...i.
  0250D0: 6A 85 E8 C1 26 00 3B 1D E0 05 62 C7 1D CD 93 20  j...&.;...b.... 
  0250E0: 65 4E 54 8C E0 F2 43 39 B1 6B D0 2C 54 80 61 76  eNT...C9.k.,T.av
  0250F0: 2E FA 1C 72 CA B8 81 C8 4E 66 EB 8F EF D7 3B 83  ...r....Nf....;.

PH[2] 中的字符串:
  @0x0250DF: " eNT"
  @0x02516E: "0aA+"
  @0x0251D6: "California1,0*"
  @0x0251EA: "#Generated Commercial Attestation CA1"
  @0x025219: "SecTools 1"
  @0x02522D: "DongGuan0"
  @0x025239: "240509174408Z"
  @0x025248: "440504174408Z0I1"
  @0x02526F: "California1"
  @0x025284: "SecTools1"
  @0x025297: "San Diego0v0"
  @0x0252E8: "mOf9"
  @0x025319: "S0Q0"
  @0x025330: "W`}gC"
  @0x02540D: "US1%0#"
  @0x02541A: "Generated Commercial Root CA1"
  @0x025441: "CDMA Technologies1"
  @0x02545D: "General Use XTC Key 1"
  @0x02547C: "DongGuan1"
  @0x02548F: "SecTools1"
  @0x0254A2: "California0"
  @0x0254B0: "231221060936Z"
  @0x0254BF: "431216060936Z0w1"
  @0x0254E6: "California1,0*"
  @0x0254FA: "#Generated Commercial Attestation CA1"
  @0x025529: "SecTools 1"
  @0x02553D: "DongGuan0v0"
  @0x0255AA: " St6s%,"
  @0x0255B4: "xyzY"
  @0x0255BE: "`0^0"
  @0x0255F4: "W`}gC"
  @0x0256BF: "US1%0#"
  @0x0256CC: "Generated Commercial Root CA1"
  @0x0256F3: "CDMA Technologies1"
  @0x02570F: "General Use XTC Key 1"
  @0x02572E: "DongGuan1"
  @0x025741: "SecTools1"
  @0x025754: "California0"
  @0x025762: "231221060936Z"
  @0x025771: "431216060936Z0"
  @0x02578C: "US1%0#"
  @0x025799: "Generated Commercial Root CA1"
  @0x0257C0: "CDMA Technologies1"
  @0x0257DC: "General Use XTC Key 1"
  @0x0257FB: "DongGuan1"
  @0x02580E: "SecTools1"
  @0x025821: "California0v0"
  @0x02585F: "fB@j^0"
  @0x0258A4: "<0:0"
  @0x0258FE: "a].$c"

============================================================
文件末尾区域 (最后2048字节)
============================================================
  0FF856: 00 00 00 00 00 00 00 00 00 00 00 00 00 00 00 00  ................
  0FF866: 00 00 00 00 00 00 00 00 00 00 00 00 00 00 00 00  ................
  0FF876: 00 00 00 00 00 00 00 00 00 00 00 00 00 00 00 00  ................
  0FF886: 00 00 00 00 00 00 00 00 00 00 00 00 00 00 00 00  ................
  0FF896: 00 00 00 00 00 00 00 00 00 00 00 00 00 00 00 00  ................
  0FF8A6: 00 00 00 00 00 00 00 00 00 00 00 00 00 00 00 00  ................
  0FF8B6: 00 00 00 00 00 00 00 00 00 00 00 00 00 00 00 00  ................
  0FF8C6: 00 00 00 00 00 00 00 00 00 00 00 00 00 00 00 00  ................
  0FF8D6: 00 00 00 00 00 00 00 00 00 00 00 00 00 00 00 00  ................
  0FF8E6: 00 00 00 00 00 00 00 00 00 00 00 00 00 00 00 00  ................
  0FF8F6: 00 00 00 00 00 00 00 00 00 00 00 00 00 00 00 00  ................
  0FF906: 00 00 00 00 00 00 00 00 00 00 00 00 00 00 00 00  ................
  0FF916: 00 00 00 00 00 00 00 00 00 00 00 00 00 00 00 00  ................
  0FF926: 00 00 00 00 00 00 00 00 00 00 00 00 00 00 00 00  ................
  0FF936: 00 00 00 00 00 00 00 00 00 00 00 00 00 00 00 00  ................
  0FF946: 00 00 00 00 00 00 00 00 00 00 00 00 00 00 00 00  ................
  0FF956: 00 00 00 00 00 00 00 00 00 00 00 00 00 00 00 00  ................
  0FF966: 00 00 00 00 00 00 00 00 00 00 00 00 00 00 00 00  ................
  0FF976: 00 00 00 00 00 00 00 00 00 00 00 00 00 00 00 00  ................
  0FF986: 00 00 00 00 00 00 00 00 00 00 00 00 00 00 00 00  ................
  0FF996: 00 00 00 00 00 00 00 00 00 00 00 00 00 00 00 00  ................
  0FF9A6: 00 00 00 00 00 00 00 00 00 00 00 00 00 00 00 00  ................
  0FF9B6: 00 00 00 00 00 00 00 00 00 00 00 00 00 00 00 00  ................
  0FF9C6: 00 00 00 00 00 00 00 00 00 00 00 00 00 00 00 00  ................
  0FF9D6: 00 00 00 00 00 00 00 00 00 00 00 00 00 00 00 00  ................
  0FF9E6: 00 00 00 00 00 00 00 00 00 00 00 00 00 00 00 00  ................
  0FF9F6: 00 00 00 00 00 00 00 00 00 00 00 00 00 00 00 00  ................
  0FFA06: 00 00 00 00 00 00 00 00 00 00 00 00 00 00 00 00  ................
  0FFA16: 00 00 00 00 00 00 00 00 00 00 00 00 00 00 00 00  ................
  0FFA26: 00 00 00 00 00 00 00 00 00 00 00 00 00 00 00 00  ................
  0FFA36: 00 00 00 00 00 00 00 00 00 00 00 00 00 00 00 00  ................
  0FFA46: 00 00 00 00 00 00 00 00 00 00 00 00 00 00 00 00  ................
  0FFA56: 00 00 00 00 00 00 00 00 00 00 00 00 00 00 00 00  ................
  0FFA66: 00 00 00 00 00 00 00 00 00 00 00 00 00 00 00 00  ................
  0FFA76: 00 00 00 00 00 00 00 00 00 00 00 00 00 00 00 00  ................
  0FFA86: 00 00 00 00 00 00 00 00 00 00 00 00 00 00 00 00  ................
  0FFA96: 00 00 00 00 00 00 00 00 00 00 00 00 00 00 00 00  ................
  0FFAA6: 00 00 00 00 00 00 00 00 00 00 00 00 00 00 00 00  ................
  0FFAB6: 00 00 00 00 00 00 00 00 00 00 00 00 00 00 00 00  ................
  0FFAC6: 00 00 00 00 00 00 00 00 00 00 00 00 00 00 00 00  ................
  0FFAD6: 00 00 00 00 00 00 00 00 00 00 00 00 00 00 00 00  ................
  0FFAE6: 00 00 00 00 00 00 00 00 00 00 00 00 00 00 00 00  ................
  0FFAF6: 00 00 00 00 00 00 00 00 00 00 00 00 00 00 00 00  ................
  0FFB06: 00 00 00 00 00 00 00 00 00 00 00 00 00 00 00 00  ................
  0FFB16: 00 00 00 00 00 00 00 00 00 00 00 00 00 00 00 00  ................
  0FFB26: 00 00 00 00 00 00 00 00 00 00 00 00 00 00 00 00  ................
  0FFB36: 00 00 00 00 00 00 00 00 00 00 00 00 00 00 00 00  ................
  0FFB46: 00 00 00 00 00 00 00 00 00 00 00 00 00 00 00 00  ................
  0FFB56: 00 00 00 00 00 00 00 00 00 00 00 00 00 00 00 00  ................
  0FFB66: 00 00 00 00 00 00 00 00 00 00 00 00 00 00 00 00  ................
  0FFB76: 00 00 00 00 00 00 00 00 00 00 00 00 00 00 00 00  ................
  0FFB86: 00 00 00 00 00 00 00 00 00 00 00 00 00 00 00 00  ................
  0FFB96: 00 00 00 00 00 00 00 00 00 00 00 00 00 00 00 00  ................
  0FFBA6: 00 00 00 00 00 00 00 00 00 00 00 00 00 00 00 00  ................
  0FFBB6: 00 00 00 00 00 00 00 00 00 00 00 00 00 00 00 00  ................
  0FFBC6: 00 00 00 00 00 00 00 00 00 00 00 00 00 00 00 00  ................
  0FFBD6: 00 00 00 00 00 00 00 00 00 00 00 00 00 00 00 00  ................
  0FFBE6: 00 00 00 00 00 00 00 00 00 00 00 00 00 00 00 00  ................
  0FFBF6: 00 00 00 00 00 00 00 00 00 00 00 00 00 00 00 00  ................
  0FFC06: 00 00 00 00 00 00 00 00 00 00 00 00 00 00 00 00  ................
  0FFC16: 00 00 00 00 00 00 00 00 00 00 00 00 00 00 00 00  ................
  0FFC26: 00 00 00 00 00 00 00 00 00 00 00 00 00 00 00 00  ................
  0FFC36: 00 00 00 00 00 00 00 00 00 00 00 00 00 00 00 00  ................
  0FFC46: 00 00 00 00 00 00 00 00 00 00 00 00 00 00 00 00  ................
  0FFC56: 00 00 00 00 00 00 00 00 00 00 00 00 00 00 00 00  ................
  0FFC66: 00 00 00 00 00 00 00 00 00 00 00 00 00 00 00 00  ................
  0FFC76: 00 00 00 00 00 00 00 00 00 00 00 00 00 00 00 00  ................
  0FFC86: 00 00 00 00 00 00 00 00 00 00 00 00 00 00 00 00  ................
  0FFC96: 00 00 00 00 00 00 00 00 00 00 00 00 00 00 00 00  ................
  0FFCA6: 00 00 00 00 00 00 00 00 00 00 00 00 00 00 00 00  ................
  0FFCB6: 00 00 00 00 00 00 00 00 00 00 00 00 00 00 00 00  ................
  0FFCC6: 00 00 00 00 00 00 00 00 00 00 00 00 00 00 00 00  ................
  0FFCD6: 00 00 00 00 00 00 00 00 00 00 00 00 00 00 00 00  ................
  0FFCE6: 00 00 00 00 00 00 00 00 00 00 00 00 00 00 00 00  ................
  0FFCF6: 00 00 00 00 00 00 00 00 00 00 00 00 00 00 00 00  ................
  0FFD06: 00 00 00 00 00 00 00 00 00 00 00 00 00 00 00 00  ................
  0FFD16: 00 00 00 00 00 00 00 00 00 00 00 00 00 00 00 00  ................
  0FFD26: 00 00 00 00 00 00 00 00 00 00 00 00 00 00 00 00  ................
  0FFD36: 00 00 00 00 00 00 00 00 00 00 00 00 00 00 00 00  ................
  0FFD46: 00 00 00 00 00 00 00 00 00 00 00 00 00 00 00 00  ................
  0FFD56: 00 00 00 00 00 00 00 00 00 00 00 00 00 00 00 00  ................
  0FFD66: 00 00 00 00 00 00 00 00 00 00 00 00 00 00 00 00  ................
  0FFD76: 00 00 00 00 00 00 00 00 00 00 00 00 00 00 00 00  ................
  0FFD86: 00 00 00 00 00 00 00 00 00 00 00 00 00 00 00 00  ................
  0FFD96: 00 00 00 00 00 00 00 00 00 00 00 00 00 00 00 00  ................
  0FFDA6: 00 00 00 00 00 00 00 00 00 00 00 00 00 00 00 00  ................
  0FFDB6: 00 00 00 00 00 00 00 00 00 00 00 00 00 00 00 00  ................
  0FFDC6: 00 00 00 00 00 00 00 00 00 00 00 00 00 00 00 00  ................
  0FFDD6: 00 00 00 00 00 00 00 00 00 00 00 00 00 00 00 00  ................
  0FFDE6: 00 00 00 00 00 00 00 00 00 00 00 00 00 00 00 00  ................
  0FFDF6: 00 00 00 00 00 00 00 00 00 00 00 00 00 00 00 00  ................
  0FFE06: 00 00 00 00 00 00 00 00 00 00 00 00 00 00 00 00  ................
  0FFE16: 00 00 00 00 00 00 00 00 00 00 00 00 00 00 00 00  ................
  0FFE26: 00 00 00 00 00 00 00 00 00 00 00 00 00 00 00 00  ................
  0FFE36: 00 00 00 00 00 00 00 00 00 00 00 00 00 00 00 00  ................
  0FFE46: 00 00 00 00 00 00 00 00 00 00 00 00 00 00 00 00  ................
  0FFE56: 00 00 00 00 00 00 00 00 00 00 00 00 00 00 00 00  ................
  0FFE66: 00 00 00 00 00 00 00 00 00 00 00 00 00 00 00 00  ................
  0FFE76: 00 00 00 00 00 00 00 00 00 00 00 00 00 00 00 00  ................
  0FFE86: 00 00 00 00 00 00 00 00 00 00 00 00 00 00 00 00  ................
  0FFE96: 00 00 00 00 00 00 00 00 00 00 00 00 00 00 00 00  ................
  0FFEA6: 00 00 00 00 00 00 00 00 00 00 00 00 00 00 00 00  ................
  0FFEB6: 00 00 00 00 00 00 00 00 00 00 00 00 00 00 00 00  ................
  0FFEC6: 00 00 00 00 00 00 00 00 00 00 00 00 00 00 00 00  ................
  0FFED6: 00 00 00 00 00 00 00 00 00 00 00 00 00 00 00 00  ................
  0FFEE6: 00 00 00 00 00 00 00 00 00 00 00 00 00 00 00 00  ................
  0FFEF6: 00 00 00 00 00 00 00 00 00 00 00 00 00 00 00 00  ................
  0FFF06: 00 00 00 00 00 00 00 00 00 00 00 00 00 00 00 00  ................
  0FFF16: 00 00 00 00 00 00 00 00 00 00 00 00 00 00 00 00  ................
  0FFF26: 00 00 00 00 00 00 00 00 00 00 00 00 00 00 00 00  ................
  0FFF36: 00 00 00 00 00 00 00 00 00 00 00 00 00 00 00 00  ................
  0FFF46: 00 00 00 00 00 00 00 00 00 00 00 00 00 00 00 00  ................
  0FFF56: 00 00 00 00 00 00 00 00 00 00 00 00 00 00 00 00  ................
  0FFF66: 00 00 00 00 00 00 00 00 00 00 00 00 00 00 00 00  ................
  0FFF76: 00 00 00 00 00 00 00 00 00 00 00 00 00 00 00 00  ................
  0FFF86: 00 00 00 00 00 00 00 00 00 00 00 00 00 00 00 00  ................
  0FFF96: 00 00 00 00 00 00 00 00 00 00 00 00 00 00 00 00  ................
  0FFFA6: 00 00 00 00 00 00 00 00 00 00 00 00 00 00 00 00  ................
  0FFFB6: 00 00 00 00 00 00 00 00 00 00 00 00 00 00 00 00  ................
  0FFFC6: 00 00 00 00 00 00 00 00 00 00 00 00 00 00 00 00  ................
  0FFFD6: 00 00 00 00 00 00 00 00 00 00 00 00 00 00 00 00  ................
  0FFFE6: 00 00 00 00 00 00 00 00 00 00 00 00 00 00 00 00  ................
  0FFFF6: 00 00 00 00 00 00 00 00 00 00 32 30 34 38 2B 30  ..........2048+0
  100006: 20 72 65 63 6F 72 64 73 20 69 6E 0A 32 30 34 38   records in.2048
  100016: 2B 30 20 72 65 63 6F 72 64 73 20 6F 75 74 0A 31  +0 records out.1
  100026: 30 34 38 35 37 36 20 62 79 74 65 73 20 28 31 2E  048576 bytes (1.
  100036: 30 20 4D 29 20 63 6F 70 69 65 64 2C 20 30 2E 30  0 M) copied, 0.0
  100046: 39 33 31 35 35 20 73 2C 20 31 31 20 4D 2F 73 0A  93155 s, 11 M/s.

文件末尾中的字符串:
  @0x100000: "2048+0 records in"
  @0x100012: "2048+0 records out"
  @0x100025: "1048576 bytes (1.0 M) copied, 0.093155 s, 11 M/s"

============================================================
高通签名检测
============================================================

============================================================
ELF头和代码段之间 (0x94-0x1000)
============================================================
  大小: 3948 字节, 非零字节: 0

============================================================
v1.0.1 vs 作者 abl 文件末尾对比
============================================================
  v1.0.1 末尾64字节: 2b30207265636f726473206f75740a313034383537362062797465732028312e30204d2920636f706965642c20302e30393331353520732c203131204d2f730a
  作者 末尾64字节:   00000000000000000000000000000000000000000000000000000000000000000000000000000000000000000000000000000000000000000000000000000000
  最后一个差异字节 @0x253E2
  v1.0.1: ...6d5f2ba7148f76ef05308202ae308202
  作者:   ...8623198bb30a8b53f2308202ae308202